     1        0   129600   0.000
     2    20038   129600   0.020
     3    40075   129600   0.040
     4    60112   130811   0.060
     5    80149   130811   0.080
     6   100186   130811   0.100
     7   120223   132582   0.120
     8   140260   132582   0.140
     9   160297   132582   0.160
    10   180334   135045   0.180
    11   200371   135045   0.200
    12   220408   135045   0.220
    13   240445   137559   0.240
    14   260482   137559   0.260
    15   280519   139636   0.280
    16   300556   139636   0.300
    17   320593   139636   0.320
    18   340630   142011   0.340
    19   360667   142011   0.360
    20   380704   142011   0.380
    21   400741   144430   0.400
    22   420778   144430   0.420
    23   440815   146888   0.440
    24   460852   146888   0.460
    25   480889   146888   0.480
    26   500926   149798   0.500
    27   520963   149798   0.520
    28   541000   149798   0.540
    29   561037   152122   0.560
    30   581074   152122   0.580
    31   601111   152122   0.600
    32   621148   155315   0.620
    33   641185   155315   0.640
    34   661222   155315   0.660
    35   681259   158288   0.680
    36   701296   158288   0.700
    37   721333   158288   0.720
    38   741370   161265   0.740
    39   761407   161265   0.760
    40   781444   161265   0.780
    41   801481   164216   0.800
    42   821518   164216   0.820
    43   841555   164216   0.840
    44   861592   167153   0.860
    45   881629   167153   0.880
    46   901666   167153   0.900
    47   921703   170141   0.920
    48   941740   170141   0.940
    49   961777   170141   0.960
    50   981814   173084   0.980
    51  1001851   173084   1.000
    52  1021888   176183   1.020
    53  1041925   176183   1.040
    54  1061962   176183   1.060
    55  1081999   179293   1.080
    56  1102036   179293   1.100
    57  1122073   179293   1.120
    58  1142110   182519   1.140
    59  1162147   182519   1.160
    60  1182184   182519   1.180
    61  1202221   186372   1.200
    62  1222258   186372   1.220
    63  1242295   186372   1.240
    64  1262332   189735   1.260
    65  1282369   189735   1.280
    66  1302406   189735   1.300
    67  1322443   192983   1.320
    68  1342480   192983   1.340
    69  1362517   192983   1.360
    70  1382554   196137   1.380
    71  1402591   196137   1.400
    72  1422628   196137   1.420
    73  1442665   199603   1.440
    74  1462702   199603   1.460
    75  1482739   199603   1.480
    76  1502776   202665   1.500
    77  1522813   202665   1.520
    78  1542850   202665   1.540
    79  1562887   206196   1.560
    80  1582924   206196   1.580
    81  1602961   206196   1.600
    82  1622998   209864   1.620
    83  1643035   209864   1.640
    84  1663072   212798   1.660
    85  1683109   212798   1.680
    86  1703146   212798   1.700
    87  1723183   216227   1.720
    88  1743220   216227   1.740
    89  1763257   216227   1.760
    90  1783294   219609   1.780
    91  1803331   219609   1.800
    92  1823368   219609   1.820
    93  1843405   223321   1.840
    94  1863442   223321   1.860
    95  1883479   223321   1.880
    96  1903516   226862   1.900
    97  1923553   226862   1.920
    98  1943590   226862   1.940
    99  1963627   230267   1.960
   100  1983664   230267   1.980
   101  2003701   230267   2.000
